219507.000000 8176243.000000 1
220507.000000 8176243.000000 2
221507.000000 8176243.000000 3
222507.000000 8176243.000000 4
223507.000000 8176243.000000 5
224507.000000 8176243.000000 6
225507.000000 8176243.000000 7
226507.000000 8176243.000000 8
227507.000000 8176243.000000 9
228507.000000 8176243.000000 10
229507.000000 8176243.000000 11
230507.000000 8176243.000000 12
231507.000000 8176243.000000 13
232507.000000 8176243.000000 14
233507.000000 8176243.000000 15
234507.000000 8176243.000000 16
235507.000000 8176243.000000 17
236507.000000 8176243.000000 18
237507.000000 8176243.000000 19
238507.000000 8176243.000000 20
239507.000000 8176243.000000 21
240507.000000 8176243.000000 22
241507.000000 8176243.000000 23
242507.000000 8176243.000000 24
243507.000000 8176243.000000 25
244507.000000 8176243.000000 26
245507.000000 8176243.000000 27
246507.000000 8176243.000000 28
247507.000000 8176243.000000 29
248507.000000 8176243.000000 30
249507.000000 8176243.000000 31
250507.000000 8176243.000000 32
219507.000000 8177243.000000 33
220507.000000 8177243.000000 34
221507.000000 8177243.000000 35
222507.000000 8177243.000000 36
223507.000000 8177243.000000 37
224507.000000 8177243.000000 38
225507.000000 8177243.000000 39
226507.000000 8177243.000000 40
227507.000000 8177243.000000 41
228507.000000 8177243.000000 42
229507.000000 8177243.000000 43
230507.000000 8177243.000000 44
231507.000000 8177243.000000 45
232507.000000 8177243.000000 46
233507.000000 8177243.000000 47
234507.000000 8177243.000000 48
235507.000000 8177243.000000 49
236507.000000 8177243.000000 50
237507.000000 8177243.000000 51
238507.000000 8177243.000000 52
239507.000000 8177243.000000 53
240507.000000 8177243.000000 54
241507.000000 8177243.000000 55
242507.000000 8177243.000000 56
243507.000000 8177243.000000 57
244507.000000 8177243.000000 58
245507.000000 8177243.000000 59
246507.000000 8177243.000000 60
247507.000000 8177243.000000 61
248507.000000 8177243.000000 62
249507.000000 8177243.000000 63
250507.000000 8177243.000000 64
219507.000000 8178243.000000 65
220507.000000 8178243.000000 66
221507.000000 8178243.000000 67
222507.000000 8178243.000000 68
223507.000000 8178243.000000 69
224507.000000 8178243.000000 70
225507.000000 8178243.000000 71
226507.000000 8178243.000000 72
227507.000000 8178243.000000 73
228507.000000 8178243.000000 74
229507.000000 8178243.000000 75
230507.000000 8178243.000000 76
231507.000000 8178243.000000 77
232507.000000 8178243.000000 78
233507.000000 8178243.000000 79
234507.000000 8178243.000000 80
235507.000000 8178243.000000 81
236507.000000 8178243.000000 82
237507.000000 8178243.000000 83
238507.000000 8178243.000000 84
239507.000000 8178243.000000 85
240507.000000 8178243.000000 86
241507.000000 8178243.000000 87
242507.000000 8178243.000000 88
243507.000000 8178243.000000 89
244507.000000 8178243.000000 90
245507.000000 8178243.000000 91
246507.000000 8178243.000000 92
247507.000000 8178243.000000 93
248507.000000 8178243.000000 94
249507.000000 8178243.000000 95
250507.000000 8178243.000000 96
219507.000000 8179243.000000 97
220507.000000 8179243.000000 98
221507.000000 8179243.000000 99
222507.000000 8179243.000000 100
223507.000000 8179243.000000 101
224507.000000 8179243.000000 102
225507.000000 8179243.000000 103
226507.000000 8179243.000000 104
227507.000000 8179243.000000 105
228507.000000 8179243.000000 106
229507.000000 8179243.000000 107
230507.000000 8179243.000000 108
231507.000000 8179243.000000 109
232507.000000 8179243.000000 110
233507.000000 8179243.000000 111
234507.000000 8179243.000000 112
235507.000000 8179243.000000 113
236507.000000 8179243.000000 114
237507.000000 8179243.000000 115
238507.000000 8179243.000000 116
239507.000000 8179243.000000 117
240507.000000 8179243.000000 118
241507.000000 8179243.000000 119
242507.000000 8179243.000000 120
243507.000000 8179243.000000 121
244507.000000 8179243.000000 122
245507.000000 8179243.000000 123
246507.000000 8179243.000000 124
247507.000000 8179243.000000 125
248507.000000 8179243.000000 126
249507.000000 8179243.000000 127
250507.000000 8179243.000000 128
219507.000000 8180243.000000 129
220507.000000 8180243.000000 130
221507.000000 8180243.000000 131
222507.000000 8180243.000000 132
223507.000000 8180243.000000 133
224507.000000 8180243.000000 134
225507.000000 8180243.000000 135
226507.000000 8180243.000000 136
227507.000000 8180243.000000 137
228507.000000 8180243.000000 138
229507.000000 8180243.000000 139
230507.000000 8180243.000000 140
231507.000000 8180243.000000 141
232507.000000 8180243.000000 142
233507.000000 8180243.000000 143
234507.000000 8180243.000000 144
235507.000000 8180243.000000 145
236507.000000 8180243.000000 146
237507.000000 8180243.000000 147
238507.000000 8180243.000000 148
239507.000000 8180243.000000 149
240507.000000 8180243.000000 150
241507.000000 8180243.000000 151
242507.000000 8180243.000000 152
243507.000000 8180243.000000 153
244507.000000 8180243.000000 154
245507.000000 8180243.000000 155
246507.000000 8180243.000000 156
247507.000000 8180243.000000 157
248507.000000 8180243.000000 158
249507.000000 8180243.000000 159
250507.000000 8180243.000000 160
219507.000000 8181243.000000 161
220507.000000 8181243.000000 162
221507.000000 8181243.000000 163
222507.000000 8181243.000000 164
223507.000000 8181243.000000 165
224507.000000 8181243.000000 166
225507.000000 8181243.000000 167
226507.000000 8181243.000000 168
227507.000000 8181243.000000 169
228507.000000 8181243.000000 170
229507.000000 8181243.000000 171
230507.000000 8181243.000000 172
231507.000000 8181243.000000 173
232507.000000 8181243.000000 174
233507.000000 8181243.000000 175
234507.000000 8181243.000000 176
235507.000000 8181243.000000 177
236507.000000 8181243.000000 178
237507.000000 8181243.000000 179
238507.000000 8181243.000000 180
239507.000000 8181243.000000 181
240507.000000 8181243.000000 182
241507.000000 8181243.000000 183
242507.000000 8181243.000000 184
243507.000000 8181243.000000 185
244507.000000 8181243.000000 186
245507.000000 8181243.000000 187
246507.000000 8181243.000000 188
247507.000000 8181243.000000 189
248507.000000 8181243.000000 190
249507.000000 8181243.000000 191
250507.000000 8181243.000000 192
219507.000000 8182243.000000 193
220507.000000 8182243.000000 194
221507.000000 8182243.000000 195
222507.000000 8182243.000000 196
223507.000000 8182243.000000 197
224507.000000 8182243.000000 198
225507.000000 8182243.000000 199
226507.000000 8182243.000000 200
227507.000000 8182243.000000 201
228507.000000 8182243.000000 202
229507.000000 8182243.000000 203
230507.000000 8182243.000000 204
231507.000000 8182243.000000 205
232507.000000 8182243.000000 206
233507.000000 8182243.000000 207
234507.000000 8182243.000000 208
235507.000000 8182243.000000 209
236507.000000 8182243.000000 210
237507.000000 8182243.000000 211
238507.000000 8182243.000000 212
239507.000000 8182243.000000 213
240507.000000 8182243.000000 214
241507.000000 8182243.000000 215
242507.000000 8182243.000000 216
243507.000000 8182243.000000 217
244507.000000 8182243.000000 218
245507.000000 8182243.000000 219
246507.000000 8182243.000000 220
247507.000000 8182243.000000 221
248507.000000 8182243.000000 222
249507.000000 8182243.000000 223
250507.000000 8182243.000000 224
219507.000000 8183243.000000 225
220507.000000 8183243.000000 226
221507.000000 8183243.000000 227
222507.000000 8183243.000000 228
223507.000000 8183243.000000 229
224507.000000 8183243.000000 230
225507.000000 8183243.000000 231
226507.000000 8183243.000000 232
227507.000000 8183243.000000 233
228507.000000 8183243.000000 234
229507.000000 8183243.000000 235
230507.000000 8183243.000000 236
231507.000000 8183243.000000 237
232507.000000 8183243.000000 238
233507.000000 8183243.000000 239
234507.000000 8183243.000000 240
235507.000000 8183243.000000 241
236507.000000 8183243.000000 242
237507.000000 8183243.000000 243
238507.000000 8183243.000000 244
239507.000000 8183243.000000 245
240507.000000 8183243.000000 246
241507.000000 8183243.000000 247
242507.000000 8183243.000000 248
243507.000000 8183243.000000 249
244507.000000 8183243.000000 250
245507.000000 8183243.000000 251
246507.000000 8183243.000000 252
247507.000000 8183243.000000 253
248507.000000 8183243.000000 254
249507.000000 8183243.000000 255
250507.000000 8183243.000000 256
219507.000000 8184243.000000 257
220507.000000 8184243.000000 258
221507.000000 8184243.000000 259
222507.000000 8184243.000000 260
223507.000000 8184243.000000 261
224507.000000 8184243.000000 262
225507.000000 8184243.000000 263
226507.000000 8184243.000000 264
227507.000000 8184243.000000 265
228507.000000 8184243.000000 266
229507.000000 8184243.000000 267
230507.000000 8184243.000000 268
231507.000000 8184243.000000 269
232507.000000 8184243.000000 270
233507.000000 8184243.000000 271
234507.000000 8184243.000000 272
235507.000000 8184243.000000 273
236507.000000 8184243.000000 274
237507.000000 8184243.000000 275
238507.000000 8184243.000000 276
239507.000000 8184243.000000 277
240507.000000 8184243.000000 278
241507.000000 8184243.000000 279
242507.000000 8184243.000000 280
243507.000000 8184243.000000 281
244507.000000 8184243.000000 282
245507.000000 8184243.000000 283
246507.000000 8184243.000000 284
247507.000000 8184243.000000 285
248507.000000 8184243.000000 286
249507.000000 8184243.000000 287
250507.000000 8184243.000000 288
219507.000000 8185243.000000 289
220507.000000 8185243.000000 290
221507.000000 8185243.000000 291
222507.000000 8185243.000000 292
223507.000000 8185243.000000 293
224507.000000 8185243.000000 294
225507.000000 8185243.000000 295
226507.000000 8185243.000000 296
227507.000000 8185243.000000 297
228507.000000 8185243.000000 298
229507.000000 8185243.000000 299
230507.000000 8185243.000000 300
231507.000000 8185243.000000 301
232507.000000 8185243.000000 302
233507.000000 8185243.000000 303
234507.000000 8185243.000000 304
235507.000000 8185243.000000 305
236507.000000 8185243.000000 306
237507.000000 8185243.000000 307
238507.000000 8185243.000000 308
239507.000000 8185243.000000 309
240507.000000 8185243.000000 310
241507.000000 8185243.000000 311
242507.000000 8185243.000000 312
243507.000000 8185243.000000 313
244507.000000 8185243.000000 314
245507.000000 8185243.000000 315
246507.000000 8185243.000000 316
247507.000000 8185243.000000 317
248507.000000 8185243.000000 318
249507.000000 8185243.000000 319
250507.000000 8185243.000000 320
219507.000000 8186243.000000 321
220507.000000 8186243.000000 322
221507.000000 8186243.000000 323
222507.000000 8186243.000000 324
223507.000000 8186243.000000 325
224507.000000 8186243.000000 326
225507.000000 8186243.000000 327
226507.000000 8186243.000000 328
227507.000000 8186243.000000 329
228507.000000 8186243.000000 330
229507.000000 8186243.000000 331
230507.000000 8186243.000000 332
231507.000000 8186243.000000 333
232507.000000 8186243.000000 334
233507.000000 8186243.000000 335
234507.000000 8186243.000000 336
235507.000000 8186243.000000 337
236507.000000 8186243.000000 338
237507.000000 8186243.000000 339
238507.000000 8186243.000000 340
239507.000000 8186243.000000 341
240507.000000 8186243.000000 342
241507.000000 8186243.000000 343
242507.000000 8186243.000000 344
243507.000000 8186243.000000 345
244507.000000 8186243.000000 346
245507.000000 8186243.000000 347
246507.000000 8186243.000000 348
247507.000000 8186243.000000 349
248507.000000 8186243.000000 350
249507.000000 8186243.000000 351
250507.000000 8186243.000000 352
219507.000000 8187243.000000 353
220507.000000 8187243.000000 354
221507.000000 8187243.000000 355
222507.000000 8187243.000000 356
223507.000000 8187243.000000 357
224507.000000 8187243.000000 358
225507.000000 8187243.000000 359
226507.000000 8187243.000000 360
227507.000000 8187243.000000 361
228507.000000 8187243.000000 362
229507.000000 8187243.000000 363
230507.000000 8187243.000000 364
231507.000000 8187243.000000 365
232507.000000 8187243.000000 366
233507.000000 8187243.000000 367
234507.000000 8187243.000000 368
235507.000000 8187243.000000 369
236507.000000 8187243.000000 370
237507.000000 8187243.000000 371
238507.000000 8187243.000000 372
239507.000000 8187243.000000 373
240507.000000 8187243.000000 374
241507.000000 8187243.000000 375
242507.000000 8187243.000000 376
243507.000000 8187243.000000 377
244507.000000 8187243.000000 378
245507.000000 8187243.000000 379
246507.000000 8187243.000000 380
247507.000000 8187243.000000 381
248507.000000 8187243.000000 382
249507.000000 8187243.000000 383
250507.000000 8187243.000000 384
219507.000000 8188243.000000 385
220507.000000 8188243.000000 386
221507.000000 8188243.000000 387
222507.000000 8188243.000000 388
223507.000000 8188243.000000 389
224507.000000 8188243.000000 390
225507.000000 8188243.000000 391
226507.000000 8188243.000000 392
227507.000000 8188243.000000 393
228507.000000 8188243.000000 394
229507.000000 8188243.000000 395
230507.000000 8188243.000000 396
231507.000000 8188243.000000 397
232507.000000 8188243.000000 398
233507.000000 8188243.000000 399
234507.000000 8188243.000000 400
235507.000000 8188243.000000 401
236507.000000 8188243.000000 402
237507.000000 8188243.000000 403
238507.000000 8188243.000000 404
239507.000000 8188243.000000 405
240507.000000 8188243.000000 406
241507.000000 8188243.000000 407
242507.000000 8188243.000000 408
243507.000000 8188243.000000 409
244507.000000 8188243.000000 410
245507.000000 8188243.000000 411
246507.000000 8188243.000000 412
247507.000000 8188243.000000 413
248507.000000 8188243.000000 414
249507.000000 8188243.000000 415
250507.000000 8188243.000000 416
219507.000000 8189243.000000 417
220507.000000 8189243.000000 418
221507.000000 8189243.000000 419
222507.000000 8189243.000000 420
223507.000000 8189243.000000 421
224507.000000 8189243.000000 422
225507.000000 8189243.000000 423
226507.000000 8189243.000000 424
227507.000000 8189243.000000 425
228507.000000 8189243.000000 426
229507.000000 8189243.000000 427
230507.000000 8189243.000000 428
231507.000000 8189243.000000 429
232507.000000 8189243.000000 430
233507.000000 8189243.000000 431
234507.000000 8189243.000000 432
235507.000000 8189243.000000 433
236507.000000 8189243.000000 434
237507.000000 8189243.000000 435
238507.000000 8189243.000000 436
239507.000000 8189243.000000 437
240507.000000 8189243.000000 438
241507.000000 8189243.000000 439
242507.000000 8189243.000000 440
243507.000000 8189243.000000 441
244507.000000 8189243.000000 442
245507.000000 8189243.000000 443
246507.000000 8189243.000000 444
247507.000000 8189243.000000 445
248507.000000 8189243.000000 446
249507.000000 8189243.000000 447
250507.000000 8189243.000000 448
219507.000000 8190243.000000 449
220507.000000 8190243.000000 450
221507.000000 8190243.000000 451
222507.000000 8190243.000000 452
223507.000000 8190243.000000 453
224507.000000 8190243.000000 454
225507.000000 8190243.000000 455
226507.000000 8190243.000000 456
227507.000000 8190243.000000 457
228507.000000 8190243.000000 458
229507.000000 8190243.000000 459
230507.000000 8190243.000000 460
231507.000000 8190243.000000 461
232507.000000 8190243.000000 462
233507.000000 8190243.000000 463
234507.000000 8190243.000000 464
235507.000000 8190243.000000 465
236507.000000 8190243.000000 466
237507.000000 8190243.000000 467
238507.000000 8190243.000000 468
239507.000000 8190243.000000 469
240507.000000 8190243.000000 470
241507.000000 8190243.000000 471
242507.000000 8190243.000000 472
243507.000000 8190243.000000 473
244507.000000 8190243.000000 474
245507.000000 8190243.000000 475
246507.000000 8190243.000000 476
247507.000000 8190243.000000 477
248507.000000 8190243.000000 478
249507.000000 8190243.000000 479
250507.000000 8190243.000000 480
219507.000000 8191243.000000 481
220507.000000 8191243.000000 482
221507.000000 8191243.000000 483
222507.000000 8191243.000000 484
223507.000000 8191243.000000 485
224507.000000 8191243.000000 486
225507.000000 8191243.000000 487
226507.000000 8191243.000000 488
227507.000000 8191243.000000 489
228507.000000 8191243.000000 490
229507.000000 8191243.000000 491
230507.000000 8191243.000000 492
231507.000000 8191243.000000 493
232507.000000 8191243.000000 494
233507.000000 8191243.000000 495
234507.000000 8191243.000000 496
235507.000000 8191243.000000 497
236507.000000 8191243.000000 498
237507.000000 8191243.000000 499
238507.000000 8191243.000000 500
239507.000000 8191243.000000 501
240507.000000 8191243.000000 502
241507.000000 8191243.000000 503
242507.000000 8191243.000000 504
243507.000000 8191243.000000 505
244507.000000 8191243.000000 506
245507.000000 8191243.000000 507
246507.000000 8191243.000000 508
247507.000000 8191243.000000 509
248507.000000 8191243.000000 510
249507.000000 8191243.000000 511
250507.000000 8191243.000000 512
219507.000000 8192243.000000 513
220507.000000 8192243.000000 514
221507.000000 8192243.000000 515
222507.000000 8192243.000000 516
223507.000000 8192243.000000 517
224507.000000 8192243.000000 518
225507.000000 8192243.000000 519
226507.000000 8192243.000000 520
227507.000000 8192243.000000 521
228507.000000 8192243.000000 522
229507.000000 8192243.000000 523
230507.000000 8192243.000000 524
231507.000000 8192243.000000 525
232507.000000 8192243.000000 526
233507.000000 8192243.000000 527
234507.000000 8192243.000000 528
235507.000000 8192243.000000 529
236507.000000 8192243.000000 530
237507.000000 8192243.000000 531
238507.000000 8192243.000000 532
239507.000000 8192243.000000 533
240507.000000 8192243.000000 534
241507.000000 8192243.000000 535
242507.000000 8192243.000000 536
243507.000000 8192243.000000 537
244507.000000 8192243.000000 538
245507.000000 8192243.000000 539
246507.000000 8192243.000000 540
247507.000000 8192243.000000 541
248507.000000 8192243.000000 542
249507.000000 8192243.000000 543
250507.000000 8192243.000000 544
219507.000000 8193243.000000 545
220507.000000 8193243.000000 546
221507.000000 8193243.000000 547
222507.000000 8193243.000000 548
223507.000000 8193243.000000 549
224507.000000 8193243.000000 550
225507.000000 8193243.000000 551
226507.000000 8193243.000000 552
227507.000000 8193243.000000 553
228507.000000 8193243.000000 554
229507.000000 8193243.000000 555
230507.000000 8193243.000000 556
231507.000000 8193243.000000 557
232507.000000 8193243.000000 558
233507.000000 8193243.000000 559
234507.000000 8193243.000000 560
235507.000000 8193243.000000 561
236507.000000 8193243.000000 562
237507.000000 8193243.000000 563
238507.000000 8193243.000000 564
239507.000000 8193243.000000 565
240507.000000 8193243.000000 566
241507.000000 8193243.000000 567
242507.000000 8193243.000000 568
243507.000000 8193243.000000 569
244507.000000 8193243.000000 570
245507.000000 8193243.000000 571
246507.000000 8193243.000000 572
247507.000000 8193243.000000 573
248507.000000 8193243.000000 574
249507.000000 8193243.000000 575
250507.000000 8193243.000000 576
219507.000000 8194243.000000 577
220507.000000 8194243.000000 578
221507.000000 8194243.000000 579
222507.000000 8194243.000000 580
223507.000000 8194243.000000 581
224507.000000 8194243.000000 582
225507.000000 8194243.000000 583
226507.000000 8194243.000000 584
227507.000000 8194243.000000 585
228507.000000 8194243.000000 586
229507.000000 8194243.000000 587
230507.000000 8194243.000000 588
231507.000000 8194243.000000 589
232507.000000 8194243.000000 590
233507.000000 8194243.000000 591
234507.000000 8194243.000000 592
235507.000000 8194243.000000 593
236507.000000 8194243.000000 594
237507.000000 8194243.000000 595
238507.000000 8194243.000000 596
239507.000000 8194243.000000 597
240507.000000 8194243.000000 598
241507.000000 8194243.000000 599
242507.000000 8194243.000000 600
243507.000000 8194243.000000 601
244507.000000 8194243.000000 602
245507.000000 8194243.000000 603
246507.000000 8194243.000000 604
247507.000000 8194243.000000 605
248507.000000 8194243.000000 606
249507.000000 8194243.000000 607
250507.000000 8194243.000000 608
219507.000000 8195243.000000 609
220507.000000 8195243.000000 610
221507.000000 8195243.000000 611
222507.000000 8195243.000000 612
223507.000000 8195243.000000 613
224507.000000 8195243.000000 614
225507.000000 8195243.000000 615
226507.000000 8195243.000000 616
227507.000000 8195243.000000 617
228507.000000 8195243.000000 618
229507.000000 8195243.000000 619
230507.000000 8195243.000000 620
231507.000000 8195243.000000 621
232507.000000 8195243.000000 622
233507.000000 8195243.000000 623
234507.000000 8195243.000000 624
235507.000000 8195243.000000 625
236507.000000 8195243.000000 626
237507.000000 8195243.000000 627
238507.000000 8195243.000000 628
239507.000000 8195243.000000 629
240507.000000 8195243.000000 630
241507.000000 8195243.000000 631
242507.000000 8195243.000000 632
243507.000000 8195243.000000 633
244507.000000 8195243.000000 634
245507.000000 8195243.000000 635
246507.000000 8195243.000000 636
247507.000000 8195243.000000 637
248507.000000 8195243.000000 638
249507.000000 8195243.000000 639
250507.000000 8195243.000000 640
219507.000000 8196243.000000 641
220507.000000 8196243.000000 642
221507.000000 8196243.000000 643
222507.000000 8196243.000000 644
223507.000000 8196243.000000 645
224507.000000 8196243.000000 646
225507.000000 8196243.000000 647
226507.000000 8196243.000000 648
227507.000000 8196243.000000 649
228507.000000 8196243.000000 650
229507.000000 8196243.000000 651
230507.000000 8196243.000000 652
231507.000000 8196243.000000 653
232507.000000 8196243.000000 654
233507.000000 8196243.000000 655
234507.000000 8196243.000000 656
235507.000000 8196243.000000 657
236507.000000 8196243.000000 658
237507.000000 8196243.000000 659
238507.000000 8196243.000000 660
239507.000000 8196243.000000 661
240507.000000 8196243.000000 662
241507.000000 8196243.000000 663
242507.000000 8196243.000000 664
243507.000000 8196243.000000 665
244507.000000 8196243.000000 666
245507.000000 8196243.000000 667
246507.000000 8196243.000000 668
247507.000000 8196243.000000 669
248507.000000 8196243.000000 670
249507.000000 8196243.000000 671
250507.000000 8196243.000000 672
219507.000000 8197243.000000 673
220507.000000 8197243.000000 674
221507.000000 8197243.000000 675
222507.000000 8197243.000000 676
223507.000000 8197243.000000 677
224507.000000 8197243.000000 678
225507.000000 8197243.000000 679
226507.000000 8197243.000000 680
227507.000000 8197243.000000 681
228507.000000 8197243.000000 682
229507.000000 8197243.000000 683
230507.000000 8197243.000000 684
231507.000000 8197243.000000 685
232507.000000 8197243.000000 686
233507.000000 8197243.000000 687
234507.000000 8197243.000000 688
235507.000000 8197243.000000 689
236507.000000 8197243.000000 690
237507.000000 8197243.000000 691
238507.000000 8197243.000000 692
239507.000000 8197243.000000 693
240507.000000 8197243.000000 694
241507.000000 8197243.000000 695
242507.000000 8197243.000000 696
243507.000000 8197243.000000 697
244507.000000 8197243.000000 698
245507.000000 8197243.000000 699
246507.000000 8197243.000000 700
247507.000000 8197243.000000 701
248507.000000 8197243.000000 702
249507.000000 8197243.000000 703
250507.000000 8197243.000000 704
219507.000000 8198243.000000 705
220507.000000 8198243.000000 706
221507.000000 8198243.000000 707
222507.000000 8198243.000000 708
223507.000000 8198243.000000 709
224507.000000 8198243.000000 710
225507.000000 8198243.000000 711
226507.000000 8198243.000000 712
227507.000000 8198243.000000 713
228507.000000 8198243.000000 714
229507.000000 8198243.000000 715
230507.000000 8198243.000000 716
231507.000000 8198243.000000 717
232507.000000 8198243.000000 718
233507.000000 8198243.000000 719
234507.000000 8198243.000000 720
235507.000000 8198243.000000 721
236507.000000 8198243.000000 722
237507.000000 8198243.000000 723
238507.000000 8198243.000000 724
239507.000000 8198243.000000 725
240507.000000 8198243.000000 726
241507.000000 8198243.000000 727
242507.000000 8198243.000000 728
243507.000000 8198243.000000 729
244507.000000 8198243.000000 730
245507.000000 8198243.000000 731
246507.000000 8198243.000000 732
247507.000000 8198243.000000 733
248507.000000 8198243.000000 734
249507.000000 8198243.000000 735
250507.000000 8198243.000000 736
219507.000000 8199243.000000 737
220507.000000 8199243.000000 738
221507.000000 8199243.000000 739
222507.000000 8199243.000000 740
223507.000000 8199243.000000 741
224507.000000 8199243.000000 742
225507.000000 8199243.000000 743
226507.000000 8199243.000000 744
227507.000000 8199243.000000 745
228507.000000 8199243.000000 746
229507.000000 8199243.000000 747
230507.000000 8199243.000000 748
231507.000000 8199243.000000 749
232507.000000 8199243.000000 750
233507.000000 8199243.000000 751
234507.000000 8199243.000000 752
235507.000000 8199243.000000 753
236507.000000 8199243.000000 754
237507.000000 8199243.000000 755
238507.000000 8199243.000000 756
239507.000000 8199243.000000 757
240507.000000 8199243.000000 758
241507.000000 8199243.000000 759
242507.000000 8199243.000000 760
243507.000000 8199243.000000 761
244507.000000 8199243.000000 762
245507.000000 8199243.000000 763
246507.000000 8199243.000000 764
247507.000000 8199243.000000 765
248507.000000 8199243.000000 766
249507.000000 8199243.000000 767
250507.000000 8199243.000000 768
219507.000000 8200243.000000 769
220507.000000 8200243.000000 770
221507.000000 8200243.000000 771
222507.000000 8200243.000000 772
223507.000000 8200243.000000 773
224507.000000 8200243.000000 774
225507.000000 8200243.000000 775
226507.000000 8200243.000000 776
227507.000000 8200243.000000 777
228507.000000 8200243.000000 778
229507.000000 8200243.000000 779
230507.000000 8200243.000000 780
231507.000000 8200243.000000 781
232507.000000 8200243.000000 782
233507.000000 8200243.000000 783
234507.000000 8200243.000000 784
235507.000000 8200243.000000 785
236507.000000 8200243.000000 786
237507.000000 8200243.000000 787
238507.000000 8200243.000000 788
239507.000000 8200243.000000 789
240507.000000 8200243.000000 790
241507.000000 8200243.000000 791
242507.000000 8200243.000000 792
243507.000000 8200243.000000 793
244507.000000 8200243.000000 794
245507.000000 8200243.000000 795
246507.000000 8200243.000000 796
247507.000000 8200243.000000 797
248507.000000 8200243.000000 798
249507.000000 8200243.000000 799
250507.000000 8200243.000000 800
219507.000000 8201243.000000 801
220507.000000 8201243.000000 802
221507.000000 8201243.000000 803
222507.000000 8201243.000000 804
223507.000000 8201243.000000 805
224507.000000 8201243.000000 806
225507.000000 8201243.000000 807
226507.000000 8201243.000000 808
227507.000000 8201243.000000 809
228507.000000 8201243.000000 810
229507.000000 8201243.000000 811
230507.000000 8201243.000000 812
231507.000000 8201243.000000 813
232507.000000 8201243.000000 814
233507.000000 8201243.000000 815
234507.000000 8201243.000000 816
235507.000000 8201243.000000 817
236507.000000 8201243.000000 818
237507.000000 8201243.000000 819
238507.000000 8201243.000000 820
239507.000000 8201243.000000 821
240507.000000 8201243.000000 822
241507.000000 8201243.000000 823
242507.000000 8201243.000000 824
243507.000000 8201243.000000 825
244507.000000 8201243.000000 826
245507.000000 8201243.000000 827
246507.000000 8201243.000000 828
247507.000000 8201243.000000 829
248507.000000 8201243.000000 830
249507.000000 8201243.000000 831
250507.000000 8201243.000000 832
219507.000000 8202243.000000 833
220507.000000 8202243.000000 834
221507.000000 8202243.000000 835
222507.000000 8202243.000000 836
223507.000000 8202243.000000 837
224507.000000 8202243.000000 838
225507.000000 8202243.000000 839
226507.000000 8202243.000000 840
227507.000000 8202243.000000 841
228507.000000 8202243.000000 842
229507.000000 8202243.000000 843
230507.000000 8202243.000000 844
231507.000000 8202243.000000 845
232507.000000 8202243.000000 846
233507.000000 8202243.000000 847
234507.000000 8202243.000000 848
235507.000000 8202243.000000 849
236507.000000 8202243.000000 850
237507.000000 8202243.000000 851
238507.000000 8202243.000000 852
239507.000000 8202243.000000 853
240507.000000 8202243.000000 854
241507.000000 8202243.000000 855
242507.000000 8202243.000000 856
243507.000000 8202243.000000 857
244507.000000 8202243.000000 858
245507.000000 8202243.000000 859
246507.000000 8202243.000000 860
247507.000000 8202243.000000 861
248507.000000 8202243.000000 862
249507.000000 8202243.000000 863
250507.000000 8202243.000000 864
219507.000000 8203243.000000 865
220507.000000 8203243.000000 866
221507.000000 8203243.000000 867
222507.000000 8203243.000000 868
223507.000000 8203243.000000 869
224507.000000 8203243.000000 870
225507.000000 8203243.000000 871
226507.000000 8203243.000000 872
227507.000000 8203243.000000 873
228507.000000 8203243.000000 874
229507.000000 8203243.000000 875
230507.000000 8203243.000000 876
231507.000000 8203243.000000 877
232507.000000 8203243.000000 878
233507.000000 8203243.000000 879
234507.000000 8203243.000000 880
235507.000000 8203243.000000 881
236507.000000 8203243.000000 882
237507.000000 8203243.000000 883
238507.000000 8203243.000000 884
239507.000000 8203243.000000 885
240507.000000 8203243.000000 886
241507.000000 8203243.000000 887
242507.000000 8203243.000000 888
243507.000000 8203243.000000 889
244507.000000 8203243.000000 890
245507.000000 8203243.000000 891
246507.000000 8203243.000000 892
247507.000000 8203243.000000 893
248507.000000 8203243.000000 894
249507.000000 8203243.000000 895
250507.000000 8203243.000000 896
219507.000000 8204243.000000 897
220507.000000 8204243.000000 898
221507.000000 8204243.000000 899
222507.000000 8204243.000000 900
223507.000000 8204243.000000 901
224507.000000 8204243.000000 902
225507.000000 8204243.000000 903
226507.000000 8204243.000000 904
227507.000000 8204243.000000 905
228507.000000 8204243.000000 906
229507.000000 8204243.000000 907
230507.000000 8204243.000000 908
231507.000000 8204243.000000 909
232507.000000 8204243.000000 910
233507.000000 8204243.000000 911
234507.000000 8204243.000000 912
235507.000000 8204243.000000 913
236507.000000 8204243.000000 914
237507.000000 8204243.000000 915
238507.000000 8204243.000000 916
239507.000000 8204243.000000 917
240507.000000 8204243.000000 918
241507.000000 8204243.000000 919
242507.000000 8204243.000000 920
243507.000000 8204243.000000 921
244507.000000 8204243.000000 922
245507.000000 8204243.000000 923
246507.000000 8204243.000000 924
247507.000000 8204243.000000 925
248507.000000 8204243.000000 926
249507.000000 8204243.000000 927
250507.000000 8204243.000000 928
219507.000000 8205243.000000 929
220507.000000 8205243.000000 930
221507.000000 8205243.000000 931
222507.000000 8205243.000000 932
223507.000000 8205243.000000 933
224507.000000 8205243.000000 934
225507.000000 8205243.000000 935
226507.000000 8205243.000000 936
227507.000000 8205243.000000 937
228507.000000 8205243.000000 938
229507.000000 8205243.000000 939
230507.000000 8205243.000000 940
231507.000000 8205243.000000 941
232507.000000 8205243.000000 942
233507.000000 8205243.000000 943
234507.000000 8205243.000000 944
235507.000000 8205243.000000 945
236507.000000 8205243.000000 946
237507.000000 8205243.000000 947
238507.000000 8205243.000000 948
239507.000000 8205243.000000 949
240507.000000 8205243.000000 950
241507.000000 8205243.000000 951
242507.000000 8205243.000000 952
243507.000000 8205243.000000 953
244507.000000 8205243.000000 954
245507.000000 8205243.000000 955
246507.000000 8205243.000000 956
247507.000000 8205243.000000 957
248507.000000 8205243.000000 958
249507.000000 8205243.000000 959
250507.000000 8205243.000000 960
