   2.1750000e+05   8.1755000e+06   1.0000000e+00
   2.2250000e+05   8.1755000e+06   2.0000000e+00
   2.2750000e+05   8.1755000e+06   3.0000000e+00
   2.3250000e+05   8.1755000e+06   4.0000000e+00
   2.3750000e+05   8.1755000e+06   5.0000000e+00
   2.4250000e+05   8.1755000e+06   6.0000000e+00
   2.4750000e+05   8.1755000e+06   7.0000000e+00
   2.1750000e+05   8.1805000e+06   8.0000000e+00
   2.2250000e+05   8.1805000e+06   9.0000000e+00
   2.2750000e+05   8.1805000e+06   1.0000000e+01
   2.3250000e+05   8.1805000e+06   1.1000000e+01
   2.3750000e+05   8.1805000e+06   1.2000000e+01
   2.4250000e+05   8.1805000e+06   1.3000000e+01
   2.4750000e+05   8.1805000e+06   1.4000000e+01
   2.1750000e+05   8.1855000e+06   1.5000000e+01
   2.2250000e+05   8.1855000e+06   1.6000000e+01
   2.2750000e+05   8.1855000e+06   1.7000000e+01
   2.3250000e+05   8.1855000e+06   1.8000000e+01
   2.3750000e+05   8.1855000e+06   1.9000000e+01
   2.4250000e+05   8.1855000e+06   2.0000000e+01
   2.4750000e+05   8.1855000e+06   2.1000000e+01
   2.1750000e+05   8.1905000e+06   2.2000000e+01
   2.2250000e+05   8.1905000e+06   2.3000000e+01
   2.2750000e+05   8.1905000e+06   2.4000000e+01
   2.3250000e+05   8.1905000e+06   2.5000000e+01
   2.3750000e+05   8.1905000e+06   2.6000000e+01
   2.4250000e+05   8.1905000e+06   2.7000000e+01
   2.4750000e+05   8.1905000e+06   2.8000000e+01
   2.1750000e+05   8.1955000e+06   2.9000000e+01
   2.2250000e+05   8.1955000e+06   3.0000000e+01
   2.2750000e+05   8.1955000e+06   3.1000000e+01
   2.3250000e+05   8.1955000e+06   3.2000000e+01
   2.3750000e+05   8.1955000e+06   3.3000000e+01
   2.4250000e+05   8.1955000e+06   3.4000000e+01
   2.4750000e+05   8.1955000e+06   3.5000000e+01
   2.1750000e+05   8.2005000e+06   3.6000000e+01
   2.2250000e+05   8.2005000e+06   3.7000000e+01
   2.2750000e+05   8.2005000e+06   3.8000000e+01
   2.3250000e+05   8.2005000e+06   3.9000000e+01
   2.3750000e+05   8.2005000e+06   4.0000000e+01
   2.4250000e+05   8.2005000e+06   4.1000000e+01
   2.4750000e+05   8.2005000e+06   4.2000000e+01
   2.0271429e+05   8.1628571e+06   4.3000000e+01
   2.0771429e+05   8.1628571e+06   4.4000000e+01
   2.1271429e+05   8.1628571e+06   4.5000000e+01
   2.0271429e+05   8.1678571e+06   4.6000000e+01
   2.0771429e+05   8.1678571e+06   4.7000000e+01
   2.1271429e+05   8.1678571e+06   4.8000000e+01
   2.0271429e+05   8.1728571e+06   4.9000000e+01
   2.0771429e+05   8.1728571e+06   5.0000000e+01
   2.1271429e+05   8.1728571e+06   5.1000000e+01
   2.0271429e+05   8.1778571e+06   5.2000000e+01
   2.0771429e+05   8.1778571e+06   5.3000000e+01
   2.1271429e+05   8.1778571e+06   5.4000000e+01
   2.0271429e+05   8.1828571e+06   5.5000000e+01
   2.0771429e+05   8.1828571e+06   5.6000000e+01
   2.1271429e+05   8.1828571e+06   5.7000000e+01
   2.0271429e+05   8.1878571e+06   5.8000000e+01
   2.0771429e+05   8.1878571e+06   5.9000000e+01
   2.1271429e+05   8.1878571e+06   6.0000000e+01
   2.0271429e+05   8.1928571e+06   6.1000000e+01
   2.0771429e+05   8.1928571e+06   6.2000000e+01
   2.1271429e+05   8.1928571e+06   6.3000000e+01
   2.0271429e+05   8.1978571e+06   6.4000000e+01
   2.0771429e+05   8.1978571e+06   6.5000000e+01
   2.1271429e+05   8.1978571e+06   6.6000000e+01
   2.0271429e+05   8.2028571e+06   6.7000000e+01
   2.0771429e+05   8.2028571e+06   6.8000000e+01
   2.1271429e+05   8.2028571e+06   6.9000000e+01
   2.0271429e+05   8.2078571e+06   7.0000000e+01
   2.0771429e+05   8.2078571e+06   7.1000000e+01
   2.1271429e+05   8.2078571e+06   7.2000000e+01
   2.0271429e+05   8.2128571e+06   7.3000000e+01
   2.0771429e+05   8.2128571e+06   7.4000000e+01
   2.1271429e+05   8.2128571e+06   7.5000000e+01
   2.0271429e+05   8.2178571e+06   7.6000000e+01
   2.0771429e+05   8.2178571e+06   7.7000000e+01
   2.1271429e+05   8.2178571e+06   7.8000000e+01
   2.1771429e+05   8.1628571e+06   7.9000000e+01
   2.2271429e+05   8.1628571e+06   8.0000000e+01
   2.2771429e+05   8.1628571e+06   8.1000000e+01
   2.3271429e+05   8.1628571e+06   8.2000000e+01
   2.3771429e+05   8.1628571e+06   8.3000000e+01
   2.4271429e+05   8.1628571e+06   8.4000000e+01
   2.4771429e+05   8.1628571e+06   8.5000000e+01
   2.1771429e+05   8.1678571e+06   8.6000000e+01
   2.2271429e+05   8.1678571e+06   8.7000000e+01
   2.2771429e+05   8.1678571e+06   8.8000000e+01
   2.3271429e+05   8.1678571e+06   8.9000000e+01
   2.3771429e+05   8.1678571e+06   9.0000000e+01
   2.4271429e+05   8.1678571e+06   9.1000000e+01
   2.4771429e+05   8.1678571e+06   9.2000000e+01
   2.1771429e+05   8.1728571e+06   9.3000000e+01
   2.2271429e+05   8.1728571e+06   9.4000000e+01
   2.2771429e+05   8.1728571e+06   9.5000000e+01
   2.3271429e+05   8.1728571e+06   9.6000000e+01
   2.3771429e+05   8.1728571e+06   9.7000000e+01
   2.4271429e+05   8.1728571e+06   9.8000000e+01
   2.4771429e+05   8.1728571e+06   9.9000000e+01
   2.1771429e+05   8.2078571e+06   1.0000000e+02
   2.2271429e+05   8.2078571e+06   1.0100000e+02
   2.2771429e+05   8.2078571e+06   1.0200000e+02
   2.3271429e+05   8.2078571e+06   1.0300000e+02
   2.3771429e+05   8.2078571e+06   1.0400000e+02
   2.4271429e+05   8.2078571e+06   1.0500000e+02
   2.4771429e+05   8.2078571e+06   1.0600000e+02
   2.1771429e+05   8.2128571e+06   1.0700000e+02
   2.2271429e+05   8.2128571e+06   1.0800000e+02
   2.2771429e+05   8.2128571e+06   1.0900000e+02
   2.3271429e+05   8.2128571e+06   1.1000000e+02
   2.3771429e+05   8.2128571e+06   1.1100000e+02
   2.4271429e+05   8.2128571e+06   1.1200000e+02
   2.4771429e+05   8.2128571e+06   1.1300000e+02
   2.1771429e+05   8.2178571e+06   1.1400000e+02
   2.2271429e+05   8.2178571e+06   1.1500000e+02
   2.2771429e+05   8.2178571e+06   1.1600000e+02
   2.3271429e+05   8.2178571e+06   1.1700000e+02
   2.3771429e+05   8.2178571e+06   1.1800000e+02
   2.4271429e+05   8.2178571e+06   1.1900000e+02
   2.4771429e+05   8.2178571e+06   1.2000000e+02
   2.5271429e+05   8.1628571e+06   1.2100000e+02
   2.5771429e+05   8.1628571e+06   1.2200000e+02
   2.6271429e+05   8.1628571e+06   1.2300000e+02
   2.6771429e+05   8.1628571e+06   1.2400000e+02
   2.7271429e+05   8.1628571e+06   1.2500000e+02
   2.5271429e+05   8.1678571e+06   1.2600000e+02
   2.5771429e+05   8.1678571e+06   1.2700000e+02
   2.6271429e+05   8.1678571e+06   1.2800000e+02
   2.6771429e+05   8.1678571e+06   1.2900000e+02
   2.7271429e+05   8.1678571e+06   1.3000000e+02
   2.5271429e+05   8.1728571e+06   1.3100000e+02
   2.5771429e+05   8.1728571e+06   1.3200000e+02
   2.6271429e+05   8.1728571e+06   1.3300000e+02
   2.6771429e+05   8.1728571e+06   1.3400000e+02
   2.7271429e+05   8.1728571e+06   1.3500000e+02
   2.5271429e+05   8.1778571e+06   1.3600000e+02
   2.5771429e+05   8.1778571e+06   1.3700000e+02
   2.6271429e+05   8.1778571e+06   1.3800000e+02
   2.6771429e+05   8.1778571e+06   1.3900000e+02
   2.7271429e+05   8.1778571e+06   1.4000000e+02
   2.5271429e+05   8.1828571e+06   1.4100000e+02
   2.5771429e+05   8.1828571e+06   1.4200000e+02
   2.6271429e+05   8.1828571e+06   1.4300000e+02
   2.6771429e+05   8.1828571e+06   1.4400000e+02
   2.7271429e+05   8.1828571e+06   1.4500000e+02
   2.5271429e+05   8.1878571e+06   1.4600000e+02
   2.5771429e+05   8.1878571e+06   1.4700000e+02
   2.6271429e+05   8.1878571e+06   1.4800000e+02
   2.6771429e+05   8.1878571e+06   1.4900000e+02
   2.7271429e+05   8.1878571e+06   1.5000000e+02
   2.5271429e+05   8.1928571e+06   1.5100000e+02
   2.5771429e+05   8.1928571e+06   1.5200000e+02
   2.6271429e+05   8.1928571e+06   1.5300000e+02
   2.6771429e+05   8.1928571e+06   1.5400000e+02
   2.7271429e+05   8.1928571e+06   1.5500000e+02
   2.5271429e+05   8.1978571e+06   1.5600000e+02
   2.5771429e+05   8.1978571e+06   1.5700000e+02
   2.6271429e+05   8.1978571e+06   1.5800000e+02
   2.6771429e+05   8.1978571e+06   1.5900000e+02
   2.7271429e+05   8.1978571e+06   1.6000000e+02
   2.5271429e+05   8.2028571e+06   1.6100000e+02
   2.5771429e+05   8.2028571e+06   1.6200000e+02
   2.6271429e+05   8.2028571e+06   1.6300000e+02
   2.6771429e+05   8.2028571e+06   1.6400000e+02
   2.7271429e+05   8.2028571e+06   1.6500000e+02
   2.5271429e+05   8.2078571e+06   1.6600000e+02
   2.5771429e+05   8.2078571e+06   1.6700000e+02
   2.6271429e+05   8.2078571e+06   1.6800000e+02
   2.6771429e+05   8.2078571e+06   1.6900000e+02
   2.7271429e+05   8.2078571e+06   1.7000000e+02
   2.5271429e+05   8.2128571e+06   1.7100000e+02
   2.5771429e+05   8.2128571e+06   1.7200000e+02
   2.6271429e+05   8.2128571e+06   1.7300000e+02
   2.6771429e+05   8.2128571e+06   1.7400000e+02
   2.7271429e+05   8.2128571e+06   1.7500000e+02
   2.5271429e+05   8.2178571e+06   1.7600000e+02
   2.5771429e+05   8.2178571e+06   1.7700000e+02
   2.6271429e+05   8.2178571e+06   1.7800000e+02
   2.6771429e+05   8.2178571e+06   1.7900000e+02
   2.7271429e+05   8.2178571e+06   1.8000000e+02
